a_single_date;year;month;day;week_of_year;quarter
2017/01/01;2017;1;1;1;1
2017/01/02;2017;1;2;2;1
2017/01/03;2017;1;3;3;1
2017/01/04;2017;1;4;4;1
2017/01/05;2017;1;5;5;1
2017/01/06;2017;1;6;6;1
2017/01/07;2017;1;7;7;1
2017/01/08;2017;1;8;1;1
2017/01/09;2017;1;9;2;1
2017/01/10;2017;1;10;3;1
2017/01/11;2017;1;11;4;1
2017/01/12;2017;1;12;5;1
2017/01/13;2017;1;13;6;1
2017/01/14;2017;1;14;7;1
2017/01/15;2017;1;15;1;1
2017/01/16;2017;1;16;2;1
2017/01/17;2017;1;17;3;1
2017/01/18;2017;1;18;4;1
2017/01/19;2017;1;19;5;1
2017/01/20;2017;1;20;6;1
2017/01/21;2017;1;21;7;1
2017/01/22;2017;1;22;1;1
2017/01/23;2017;1;23;2;1
2017/01/24;2017;1;24;3;1
2017/01/25;2017;1;25;4;1
2017/01/26;2017;1;26;5;1
2017/01/27;2017;1;27;6;1
2017/01/28;2017;1;28;7;1
2017/01/29;2017;1;29;1;1
2017/01/30;2017;1;30;2;1
2017/01/31;2017;1;31;3;1
2017/02/01;2017;2;1;4;1
2017/02/02;2017;2;2;5;1
2017/02/03;2017;2;3;6;1
2017/02/04;2017;2;4;7;1
2017/02/05;2017;2;5;1;1
2017/02/06;2017;2;6;2;1
2017/02/07;2017;2;7;3;1
2017/02/08;2017;2;8;4;1
2017/02/09;2017;2;9;5;1
2017/02/10;2017;2;10;6;1
2017/02/11;2017;2;11;7;1
2017/02/12;2017;2;12;1;1
2017/02/13;2017;2;13;2;1
2017/02/14;2017;2;14;3;1
2017/02/15;2017;2;15;4;1
2017/02/16;2017;2;16;5;1
2017/02/17;2017;2;17;6;1
2017/02/18;2017;2;18;7;1
2017/02/19;2017;2;19;1;1
2017/02/20;2017;2;20;2;1
2017/02/21;2017;2;21;3;1
2017/02/22;2017;2;22;4;1
2017/02/23;2017;2;23;5;1
2017/02/24;2017;2;24;6;1
2017/02/25;2017;2;25;7;1
2017/02/26;2017;2;26;1;1
2017/02/27;2017;2;27;2;1
2017/02/28;2017;2;28;3;1
2017/03/01;2017;3;1;4;1
2017/03/02;2017;3;2;5;1
2017/03/03;2017;3;3;6;1
2017/03/04;2017;3;4;7;1
2017/03/05;2017;3;5;1;1
2017/03/06;2017;3;6;2;1
2017/03/07;2017;3;7;3;1
2017/03/08;2017;3;8;4;1
2017/03/09;2017;3;9;5;1
2017/03/10;2017;3;10;6;1
2017/03/11;2017;3;11;7;1
2017/03/12;2017;3;12;1;1
2017/03/13;2017;3;13;2;1
2017/03/14;2017;3;14;3;1
2017/03/15;2017;3;15;4;1
2017/03/16;2017;3;16;5;1
2017/03/17;2017;3;17;6;1
2017/03/18;2017;3;18;7;1
2017/03/19;2017;3;19;1;1
2017/03/20;2017;3;20;2;1
2017/03/21;2017;3;21;3;1
2017/03/22;2017;3;22;4;1
2017/03/23;2017;3;23;5;1
2017/03/24;2017;3;24;6;1
2017/03/25;2017;3;25;7;1
2017/03/26;2017;3;26;1;1
2017/03/27;2017;3;27;2;1
2017/03/28;2017;3;28;3;1
2017/03/29;2017;3;29;4;1
2017/03/30;2017;3;30;5;1
2017/03/31;2017;3;31;6;1
2017/04/01;2017;4;1;7;2
2017/04/02;2017;4;2;1;2
2017/04/03;2017;4;3;2;2
2017/04/04;2017;4;4;3;2
2017/04/05;2017;4;5;4;2
2017/04/06;2017;4;6;5;2
2017/04/07;2017;4;7;6;2
2017/04/08;2017;4;8;7;2
2017/04/09;2017;4;9;1;2
2017/04/10;2017;4;10;2;2
2017/04/11;2017;4;11;3;2
2017/04/12;2017;4;12;4;2
2017/04/13;2017;4;13;5;2
2017/04/14;2017;4;14;6;2
2017/04/15;2017;4;15;7;2
2017/04/16;2017;4;16;1;2
2017/04/17;2017;4;17;2;2
2017/04/18;2017;4;18;3;2
2017/04/19;2017;4;19;4;2
2017/04/20;2017;4;20;5;2
2017/04/21;2017;4;21;6;2
2017/04/22;2017;4;22;7;2
2017/04/23;2017;4;23;1;2
2017/04/24;2017;4;24;2;2
2017/04/25;2017;4;25;3;2
2017/04/26;2017;4;26;4;2
2017/04/27;2017;4;27;5;2
2017/04/28;2017;4;28;6;2
2017/04/29;2017;4;29;7;2
2017/04/30;2017;4;30;1;2
2017/05/01;2017;5;1;2;2
2017/05/02;2017;5;2;3;2
2017/05/03;2017;5;3;4;2
2017/05/04;2017;5;4;5;2
2017/05/05;2017;5;5;6;2
2017/05/06;2017;5;6;7;2
2017/05/07;2017;5;7;1;2
2017/05/08;2017;5;8;2;2
2017/05/09;2017;5;9;3;2
2017/05/10;2017;5;10;4;2
2017/05/11;2017;5;11;5;2
2017/05/12;2017;5;12;6;2
2017/05/13;2017;5;13;7;2
2017/05/14;2017;5;14;1;2
2017/05/15;2017;5;15;2;2
2017/05/16;2017;5;16;3;2
2017/05/17;2017;5;17;4;2
2017/05/18;2017;5;18;5;2
2017/05/19;2017;5;19;6;2
2017/05/20;2017;5;20;7;2
2017/05/21;2017;5;21;1;2
2017/05/22;2017;5;22;2;2
2017/05/23;2017;5;23;3;2
2017/05/24;2017;5;24;4;2
2017/05/25;2017;5;25;5;2
2017/05/26;2017;5;26;6;2
2017/05/27;2017;5;27;7;2
2017/05/28;2017;5;28;1;2
2017/05/29;2017;5;29;2;2
2017/05/30;2017;5;30;3;2
2017/05/31;2017;5;31;4;2
2017/06/01;2017;6;1;5;2
2017/06/02;2017;6;2;6;2
2017/06/03;2017;6;3;7;2
2017/06/04;2017;6;4;1;2
2017/06/05;2017;6;5;2;2
2017/06/06;2017;6;6;3;2
2017/06/07;2017;6;7;4;2
2017/06/08;2017;6;8;5;2
2017/06/09;2017;6;9;6;2
2017/06/10;2017;6;10;7;2
2017/06/11;2017;6;11;1;2
2017/06/12;2017;6;12;2;2
2017/06/13;2017;6;13;3;2
2017/06/14;2017;6;14;4;2
2017/06/15;2017;6;15;5;2
2017/06/16;2017;6;16;6;2
2017/06/17;2017;6;17;7;2
2017/06/18;2017;6;18;1;2
2017/06/19;2017;6;19;2;2
2017/06/20;2017;6;20;3;2
2017/06/21;2017;6;21;4;2
2017/06/22;2017;6;22;5;2
2017/06/23;2017;6;23;6;2
2017/06/24;2017;6;24;7;2
2017/06/25;2017;6;25;1;2
2017/06/26;2017;6;26;2;2
2017/06/27;2017;6;27;3;2
2017/06/28;2017;6;28;4;2
2017/06/29;2017;6;29;5;2
2017/06/30;2017;6;30;6;2
2017/07/01;2017;7;1;7;3
2017/07/02;2017;7;2;1;3
2017/07/03;2017;7;3;2;3
2017/07/04;2017;7;4;3;3
2017/07/05;2017;7;5;4;3
2017/07/06;2017;7;6;5;3
2017/07/07;2017;7;7;6;3
2017/07/08;2017;7;8;7;3
2017/07/09;2017;7;9;1;3
2017/07/10;2017;7;10;2;3
2017/07/11;2017;7;11;3;3
2017/07/12;2017;7;12;4;3
2017/07/13;2017;7;13;5;3
2017/07/14;2017;7;14;6;3
2017/07/15;2017;7;15;7;3
2017/07/16;2017;7;16;1;3
2017/07/17;2017;7;17;2;3
2017/07/18;2017;7;18;3;3
2017/07/19;2017;7;19;4;3
2017/07/20;2017;7;20;5;3
2017/07/21;2017;7;21;6;3
2017/07/22;2017;7;22;7;3
2017/07/23;2017;7;23;1;3
2017/07/24;2017;7;24;2;3
2017/07/25;2017;7;25;3;3
2017/07/26;2017;7;26;4;3
2017/07/27;2017;7;27;5;3
2017/07/28;2017;7;28;6;3
2017/07/29;2017;7;29;7;3
2017/07/30;2017;7;30;1;3
2017/07/31;2017;7;31;2;3
2017/08/01;2017;8;1;3;3
2017/08/02;2017;8;2;4;3
2017/08/03;2017;8;3;5;3
2017/08/04;2017;8;4;6;3
2017/08/05;2017;8;5;7;3
2017/08/06;2017;8;6;1;3
2017/08/07;2017;8;7;2;3
2017/08/08;2017;8;8;3;3
2017/08/09;2017;8;9;4;3
2017/08/10;2017;8;10;5;3
2017/08/11;2017;8;11;6;3
2017/08/12;2017;8;12;7;3
2017/08/13;2017;8;13;1;3
2017/08/14;2017;8;14;2;3
2017/08/15;2017;8;15;3;3
2017/08/16;2017;8;16;4;3
2017/08/17;2017;8;17;5;3
2017/08/18;2017;8;18;6;3
2017/08/19;2017;8;19;7;3
2017/08/20;2017;8;20;1;3
2017/08/21;2017;8;21;2;3
2017/08/22;2017;8;22;3;3
2017/08/23;2017;8;23;4;3
2017/08/24;2017;8;24;5;3
2017/08/25;2017;8;25;6;3
2017/08/26;2017;8;26;7;3
2017/08/27;2017;8;27;1;3
2017/08/28;2017;8;28;2;3
2017/08/29;2017;8;29;3;3
2017/08/30;2017;8;30;4;3
2017/08/31;2017;8;31;5;3
2017/09/01;2017;9;1;6;3
2017/09/02;2017;9;2;7;3
2017/09/03;2017;9;3;1;3
2017/09/04;2017;9;4;2;3
2017/09/05;2017;9;5;3;3
2017/09/06;2017;9;6;4;3
2017/09/07;2017;9;7;5;3
2017/09/08;2017;9;8;6;3
2017/09/09;2017;9;9;7;3
2017/09/10;2017;9;10;1;3
2017/09/11;2017;9;11;2;3
2017/09/12;2017;9;12;3;3
2017/09/13;2017;9;13;4;3
2017/09/14;2017;9;14;5;3
2017/09/15;2017;9;15;6;3
2017/09/16;2017;9;16;7;3
2017/09/17;2017;9;17;1;3
2017/09/18;2017;9;18;2;3
2017/09/19;2017;9;19;3;3
2017/09/20;2017;9;20;4;3
2017/09/21;2017;9;21;5;3
2017/09/22;2017;9;22;6;3
2017/09/23;2017;9;23;7;3
2017/09/24;2017;9;24;1;3
2017/09/25;2017;9;25;2;3
2017/09/26;2017;9;26;3;3
2017/09/27;2017;9;27;4;3
2017/09/28;2017;9;28;5;3
2017/09/29;2017;9;29;6;3
2017/09/30;2017;9;30;7;3
2017/10/01;2017;10;1;1;4
2017/10/02;2017;10;2;2;4
2017/10/03;2017;10;3;3;4
2017/10/04;2017;10;4;4;4
2017/10/05;2017;10;5;5;4
2017/10/06;2017;10;6;6;4
2017/10/07;2017;10;7;7;4
2017/10/08;2017;10;8;1;4
2017/10/09;2017;10;9;2;4
2017/10/10;2017;10;10;3;4
2017/10/11;2017;10;11;4;4
2017/10/12;2017;10;12;5;4
2017/10/13;2017;10;13;6;4
2017/10/14;2017;10;14;7;4
2017/10/15;2017;10;15;1;4
2017/10/16;2017;10;16;2;4
2017/10/17;2017;10;17;3;4
2017/10/18;2017;10;18;4;4
2017/10/19;2017;10;19;5;4
2017/10/20;2017;10;20;6;4
2017/10/21;2017;10;21;7;4
2017/10/22;2017;10;22;1;4
2017/10/23;2017;10;23;2;4
2017/10/24;2017;10;24;3;4
2017/10/25;2017;10;25;4;4
2017/10/26;2017;10;26;5;4
2017/10/27;2017;10;27;6;4
2017/10/28;2017;10;28;7;4
2017/10/29;2017;10;29;1;4
2017/10/30;2017;10;30;2;4
2017/10/31;2017;10;31;3;4
2017/11/01;2017;11;1;4;4
2017/11/02;2017;11;2;5;4
2017/11/03;2017;11;3;6;4
2017/11/04;2017;11;4;7;4
2017/11/05;2017;11;5;1;4
2017/11/06;2017;11;6;2;4
2017/11/07;2017;11;7;3;4
2017/11/08;2017;11;8;4;4
2017/11/09;2017;11;9;5;4
2017/11/10;2017;11;10;6;4
2017/11/11;2017;11;11;7;4
2017/11/12;2017;11;12;1;4
2017/11/13;2017;11;13;2;4
2017/11/14;2017;11;14;3;4
2017/11/15;2017;11;15;4;4
2017/11/16;2017;11;16;5;4
2017/11/17;2017;11;17;6;4
2017/11/18;2017;11;18;7;4
2017/11/19;2017;11;19;1;4
2017/11/20;2017;11;20;2;4
2017/11/21;2017;11;21;3;4
2017/11/22;2017;11;22;4;4
2017/11/23;2017;11;23;5;4
2017/11/24;2017;11;24;6;4
2017/11/25;2017;11;25;7;4
2017/11/26;2017;11;26;1;4
2017/11/27;2017;11;27;2;4
2017/11/28;2017;11;28;3;4
2017/11/29;2017;11;29;4;4
2017/11/30;2017;11;30;5;4
2017/12/01;2017;12;1;6;4
2017/12/02;2017;12;2;7;4
2017/12/03;2017;12;3;1;4
2017/12/04;2017;12;4;2;4
2017/12/05;2017;12;5;3;4
2017/12/06;2017;12;6;4;4
2017/12/07;2017;12;7;5;4
2017/12/08;2017;12;8;6;4
2017/12/09;2017;12;9;7;4
2017/12/10;2017;12;10;1;4
2017/12/11;2017;12;11;2;4
2017/12/12;2017;12;12;3;4
2017/12/13;2017;12;13;4;4
2017/12/14;2017;12;14;5;4
2017/12/15;2017;12;15;6;4
2017/12/16;2017;12;16;7;4
2017/12/17;2017;12;17;1;4
2017/12/18;2017;12;18;2;4
2017/12/19;2017;12;19;3;4
2017/12/20;2017;12;20;4;4
2017/12/21;2017;12;21;5;4
2017/12/22;2017;12;22;6;4
2017/12/23;2017;12;23;7;4
2017/12/24;2017;12;24;1;4
2017/12/25;2017;12;25;2;4
2017/12/26;2017;12;26;3;4
2017/12/27;2017;12;27;4;4
2017/12/28;2017;12;28;5;4
2017/12/29;2017;12;29;6;4
2017/12/30;2017;12;30;7;4
2017/12/31;2017;12;31;1;4
2018/01/01;2018;1;1;2;1
2018/01/02;2018;1;2;3;1
2018/01/03;2018;1;3;4;1
2018/01/04;2018;1;4;5;1
2018/01/05;2018;1;5;6;1
2018/01/06;2018;1;6;7;1
2018/01/07;2018;1;7;1;1
2018/01/08;2018;1;8;2;1
2018/01/09;2018;1;9;3;1
2018/01/10;2018;1;10;4;1
2018/01/11;2018;1;11;5;1
2018/01/12;2018;1;12;6;1
2018/01/13;2018;1;13;7;1
2018/01/14;2018;1;14;1;1
2018/01/15;2018;1;15;2;1
2018/01/16;2018;1;16;3;1
2018/01/17;2018;1;17;4;1
2018/01/18;2018;1;18;5;1
2018/01/19;2018;1;19;6;1
2018/01/20;2018;1;20;7;1
2018/01/21;2018;1;21;1;1
2018/01/22;2018;1;22;2;1
2018/01/23;2018;1;23;3;1
2018/01/24;2018;1;24;4;1
2018/01/25;2018;1;25;5;1
2018/01/26;2018;1;26;6;1
2018/01/27;2018;1;27;7;1
2018/01/28;2018;1;28;1;1
2018/01/29;2018;1;29;2;1
2018/01/30;2018;1;30;3;1
2018/01/31;2018;1;31;4;1
2018/02/01;2018;2;1;5;1
2018/02/02;2018;2;2;6;1
2018/02/03;2018;2;3;7;1
2018/02/04;2018;2;4;1;1
2018/02/05;2018;2;5;2;1
2018/02/06;2018;2;6;3;1
2018/02/07;2018;2;7;4;1
2018/02/08;2018;2;8;5;1
2018/02/09;2018;2;9;6;1
2018/02/10;2018;2;10;7;1
2018/02/11;2018;2;11;1;1
2018/02/12;2018;2;12;2;1
2018/02/13;2018;2;13;3;1
2018/02/14;2018;2;14;4;1
2018/02/15;2018;2;15;5;1
2018/02/16;2018;2;16;6;1
2018/02/17;2018;2;17;7;1
2018/02/18;2018;2;18;1;1
2018/02/19;2018;2;19;2;1
2018/02/20;2018;2;20;3;1
2018/02/21;2018;2;21;4;1
2018/02/22;2018;2;22;5;1
2018/02/23;2018;2;23;6;1
2018/02/24;2018;2;24;7;1
2018/02/25;2018;2;25;1;1
2018/02/26;2018;2;26;2;1
2018/02/27;2018;2;27;3;1
2018/02/28;2018;2;28;4;1
2018/03/01;2018;3;1;5;1
2018/03/02;2018;3;2;6;1
2018/03/03;2018;3;3;7;1
2018/03/04;2018;3;4;1;1
2018/03/05;2018;3;5;2;1
2018/03/06;2018;3;6;3;1
2018/03/07;2018;3;7;4;1
2018/03/08;2018;3;8;5;1
2018/03/09;2018;3;9;6;1
2018/03/10;2018;3;10;7;1
2018/03/11;2018;3;11;1;1
2018/03/12;2018;3;12;2;1
2018/03/13;2018;3;13;3;1
2018/03/14;2018;3;14;4;1
2018/03/15;2018;3;15;5;1
2018/03/16;2018;3;16;6;1
2018/03/17;2018;3;17;7;1
2018/03/18;2018;3;18;1;1
2018/03/19;2018;3;19;2;1
2018/03/20;2018;3;20;3;1
2018/03/21;2018;3;21;4;1
2018/03/22;2018;3;22;5;1
2018/03/23;2018;3;23;6;1
2018/03/24;2018;3;24;7;1
2018/03/25;2018;3;25;1;1
2018/03/26;2018;3;26;2;1
2018/03/27;2018;3;27;3;1
2018/03/28;2018;3;28;4;1
2018/03/29;2018;3;29;5;1
2018/03/30;2018;3;30;6;1
2018/03/31;2018;3;31;7;1
2018/04/01;2018;4;1;1;2
2018/04/02;2018;4;2;2;2
2018/04/03;2018;4;3;3;2
2018/04/04;2018;4;4;4;2
2018/04/05;2018;4;5;5;2
2018/04/06;2018;4;6;6;2
2018/04/07;2018;4;7;7;2
2018/04/08;2018;4;8;1;2
2018/04/09;2018;4;9;2;2
2018/04/10;2018;4;10;3;2
2018/04/11;2018;4;11;4;2
2018/04/12;2018;4;12;5;2
2018/04/13;2018;4;13;6;2
2018/04/14;2018;4;14;7;2
2018/04/15;2018;4;15;1;2
2018/04/16;2018;4;16;2;2
2018/04/17;2018;4;17;3;2
2018/04/18;2018;4;18;4;2
2018/04/19;2018;4;19;5;2
2018/04/20;2018;4;20;6;2
2018/04/21;2018;4;21;7;2
2018/04/22;2018;4;22;1;2
2018/04/23;2018;4;23;2;2
2018/04/24;2018;4;24;3;2
2018/04/25;2018;4;25;4;2
2018/04/26;2018;4;26;5;2
2018/04/27;2018;4;27;6;2
2018/04/28;2018;4;28;7;2
2018/04/29;2018;4;29;1;2
2018/04/30;2018;4;30;2;2
2018/05/01;2018;5;1;3;2
2018/05/02;2018;5;2;4;2
2018/05/03;2018;5;3;5;2
2018/05/04;2018;5;4;6;2
2018/05/05;2018;5;5;7;2
2018/05/06;2018;5;6;1;2
2018/05/07;2018;5;7;2;2
2018/05/08;2018;5;8;3;2
2018/05/09;2018;5;9;4;2
2018/05/10;2018;5;10;5;2
2018/05/11;2018;5;11;6;2
2018/05/12;2018;5;12;7;2
2018/05/13;2018;5;13;1;2
2018/05/14;2018;5;14;2;2
2018/05/15;2018;5;15;3;2
2018/05/16;2018;5;16;4;2
2018/05/17;2018;5;17;5;2
2018/05/18;2018;5;18;6;2
2018/05/19;2018;5;19;7;2
2018/05/20;2018;5;20;1;2
2018/05/21;2018;5;21;2;2
2018/05/22;2018;5;22;3;2
2018/05/23;2018;5;23;4;2
2018/05/24;2018;5;24;5;2
2018/05/25;2018;5;25;6;2
2018/05/26;2018;5;26;7;2
2018/05/27;2018;5;27;1;2
2018/05/28;2018;5;28;2;2
2018/05/29;2018;5;29;3;2
2018/05/30;2018;5;30;4;2
2018/05/31;2018;5;31;5;2
2018/06/01;2018;6;1;6;2
2018/06/02;2018;6;2;7;2
2018/06/03;2018;6;3;1;2
2018/06/04;2018;6;4;2;2
2018/06/05;2018;6;5;3;2
2018/06/06;2018;6;6;4;2
2018/06/07;2018;6;7;5;2
2018/06/08;2018;6;8;6;2
2018/06/09;2018;6;9;7;2
2018/06/10;2018;6;10;1;2
2018/06/11;2018;6;11;2;2
2018/06/12;2018;6;12;3;2
2018/06/13;2018;6;13;4;2
2018/06/14;2018;6;14;5;2
2018/06/15;2018;6;15;6;2
2018/06/16;2018;6;16;7;2
2018/06/17;2018;6;17;1;2
2018/06/18;2018;6;18;2;2
2018/06/19;2018;6;19;3;2
2018/06/20;2018;6;20;4;2
2018/06/21;2018;6;21;5;2
2018/06/22;2018;6;22;6;2
2018/06/23;2018;6;23;7;2
2018/06/24;2018;6;24;1;2
2018/06/25;2018;6;25;2;2
2018/06/26;2018;6;26;3;2
2018/06/27;2018;6;27;4;2
2018/06/28;2018;6;28;5;2
2018/06/29;2018;6;29;6;2
2018/06/30;2018;6;30;7;2
2018/07/01;2018;7;1;1;3
2018/07/02;2018;7;2;2;3
2018/07/03;2018;7;3;3;3
2018/07/04;2018;7;4;4;3
2018/07/05;2018;7;5;5;3
2018/07/06;2018;7;6;6;3
2018/07/07;2018;7;7;7;3
2018/07/08;2018;7;8;1;3
2018/07/09;2018;7;9;2;3
2018/07/10;2018;7;10;3;3
2018/07/11;2018;7;11;4;3
2018/07/12;2018;7;12;5;3
2018/07/13;2018;7;13;6;3
2018/07/14;2018;7;14;7;3
2018/07/15;2018;7;15;1;3
2018/07/16;2018;7;16;2;3
2018/07/17;2018;7;17;3;3
2018/07/18;2018;7;18;4;3
2018/07/19;2018;7;19;5;3
2018/07/20;2018;7;20;6;3
2018/07/21;2018;7;21;7;3
2018/07/22;2018;7;22;1;3
2018/07/23;2018;7;23;2;3
2018/07/24;2018;7;24;3;3
2018/07/25;2018;7;25;4;3
2018/07/26;2018;7;26;5;3
2018/07/27;2018;7;27;6;3
2018/07/28;2018;7;28;7;3
2018/07/29;2018;7;29;1;3
2018/07/30;2018;7;30;2;3
2018/07/31;2018;7;31;3;3
2018/08/01;2018;8;1;4;3
2018/08/02;2018;8;2;5;3
2018/08/03;2018;8;3;6;3
2018/08/04;2018;8;4;7;3
2018/08/05;2018;8;5;1;3
2018/08/06;2018;8;6;2;3
2018/08/07;2018;8;7;3;3
2018/08/08;2018;8;8;4;3
2018/08/09;2018;8;9;5;3
2018/08/10;2018;8;10;6;3
2018/08/11;2018;8;11;7;3
2018/08/12;2018;8;12;1;3
2018/08/13;2018;8;13;2;3
2018/08/14;2018;8;14;3;3
2018/08/15;2018;8;15;4;3
2018/08/16;2018;8;16;5;3
2018/08/17;2018;8;17;6;3
2018/08/18;2018;8;18;7;3
2018/08/19;2018;8;19;1;3
2018/08/20;2018;8;20;2;3
2018/08/21;2018;8;21;3;3
2018/08/22;2018;8;22;4;3
2018/08/23;2018;8;23;5;3
2018/08/24;2018;8;24;6;3
2018/08/25;2018;8;25;7;3
2018/08/26;2018;8;26;1;3
2018/08/27;2018;8;27;2;3
2018/08/28;2018;8;28;3;3
2018/08/29;2018;8;29;4;3
2018/08/30;2018;8;30;5;3
2018/08/31;2018;8;31;6;3
2018/09/01;2018;9;1;7;3
2018/09/02;2018;9;2;1;3
2018/09/03;2018;9;3;2;3
2018/09/04;2018;9;4;3;3
2018/09/05;2018;9;5;4;3
2018/09/06;2018;9;6;5;3
2018/09/07;2018;9;7;6;3
2018/09/08;2018;9;8;7;3
2018/09/09;2018;9;9;1;3
2018/09/10;2018;9;10;2;3
2018/09/11;2018;9;11;3;3
2018/09/12;2018;9;12;4;3
2018/09/13;2018;9;13;5;3
2018/09/14;2018;9;14;6;3
2018/09/15;2018;9;15;7;3
2018/09/16;2018;9;16;1;3
2018/09/17;2018;9;17;2;3
2018/09/18;2018;9;18;3;3
2018/09/19;2018;9;19;4;3
2018/09/20;2018;9;20;5;3
2018/09/21;2018;9;21;6;3
2018/09/22;2018;9;22;7;3
2018/09/23;2018;9;23;1;3
2018/09/24;2018;9;24;2;3
2018/09/25;2018;9;25;3;3
2018/09/26;2018;9;26;4;3
2018/09/27;2018;9;27;5;3
2018/09/28;2018;9;28;6;3
2018/09/29;2018;9;29;7;3
2018/09/30;2018;9;30;1;3
2018/10/01;2018;10;1;2;4
2018/10/02;2018;10;2;3;4
2018/10/03;2018;10;3;4;4
2018/10/04;2018;10;4;5;4
2018/10/05;2018;10;5;6;4
2018/10/06;2018;10;6;7;4
2018/10/07;2018;10;7;1;4
2018/10/08;2018;10;8;2;4
2018/10/09;2018;10;9;3;4
2018/10/10;2018;10;10;4;4
2018/10/11;2018;10;11;5;4
2018/10/12;2018;10;12;6;4
2018/10/13;2018;10;13;7;4
2018/10/14;2018;10;14;1;4
2018/10/15;2018;10;15;2;4
2018/10/16;2018;10;16;3;4
2018/10/17;2018;10;17;4;4
2018/10/18;2018;10;18;5;4
2018/10/19;2018;10;19;6;4
2018/10/20;2018;10;20;7;4
2018/10/21;2018;10;21;1;4
2018/10/22;2018;10;22;2;4
2018/10/23;2018;10;23;3;4
2018/10/24;2018;10;24;4;4
2018/10/25;2018;10;25;5;4
2018/10/26;2018;10;26;6;4
2018/10/27;2018;10;27;7;4
2018/10/28;2018;10;28;1;4
2018/10/29;2018;10;29;2;4
2018/10/30;2018;10;30;3;4
2018/10/31;2018;10;31;4;4
2018/11/01;2018;11;1;5;4
2018/11/02;2018;11;2;6;4
2018/11/03;2018;11;3;7;4
2018/11/04;2018;11;4;1;4
2018/11/05;2018;11;5;2;4
2018/11/06;2018;11;6;3;4
2018/11/07;2018;11;7;4;4
2018/11/08;2018;11;8;5;4
2018/11/09;2018;11;9;6;4
2018/11/10;2018;11;10;7;4
2018/11/11;2018;11;11;1;4
2018/11/12;2018;11;12;2;4
2018/11/13;2018;11;13;3;4
2018/11/14;2018;11;14;4;4
2018/11/15;2018;11;15;5;4
2018/11/16;2018;11;16;6;4
2018/11/17;2018;11;17;7;4
2018/11/18;2018;11;18;1;4
2018/11/19;2018;11;19;2;4
2018/11/20;2018;11;20;3;4
2018/11/21;2018;11;21;4;4
2018/11/22;2018;11;22;5;4
2018/11/23;2018;11;23;6;4
2018/11/24;2018;11;24;7;4
2018/11/25;2018;11;25;1;4
2018/11/26;2018;11;26;2;4
2018/11/27;2018;11;27;3;4
2018/11/28;2018;11;28;4;4
2018/11/29;2018;11;29;5;4
2018/11/30;2018;11;30;6;4
2018/12/01;2018;12;1;7;4
2018/12/02;2018;12;2;1;4
2018/12/03;2018;12;3;2;4
2018/12/04;2018;12;4;3;4
2018/12/05;2018;12;5;4;4
2018/12/06;2018;12;6;5;4
2018/12/07;2018;12;7;6;4
2018/12/08;2018;12;8;7;4
2018/12/09;2018;12;9;1;4
2018/12/10;2018;12;10;2;4
2018/12/11;2018;12;11;3;4
2018/12/12;2018;12;12;4;4
2018/12/13;2018;12;13;5;4
2018/12/14;2018;12;14;6;4
2018/12/15;2018;12;15;7;4
2018/12/16;2018;12;16;1;4
2018/12/17;2018;12;17;2;4
2018/12/18;2018;12;18;3;4
2018/12/19;2018;12;19;4;4
2018/12/20;2018;12;20;5;4
2018/12/21;2018;12;21;6;4
2018/12/22;2018;12;22;7;4
2018/12/23;2018;12;23;1;4
2018/12/24;2018;12;24;2;4
2018/12/25;2018;12;25;3;4
2018/12/26;2018;12;26;4;4
2018/12/27;2018;12;27;5;4
2018/12/28;2018;12;28;6;4
2018/12/29;2018;12;29;7;4
2018/12/30;2018;12;30;1;4
2018/12/31;2018;12;31;2;4
2019/01/01;2019;1;1;3;1
2019/01/02;2019;1;2;4;1
2019/01/03;2019;1;3;5;1
2019/01/04;2019;1;4;6;1
2019/01/05;2019;1;5;7;1
2019/01/06;2019;1;6;1;1
2019/01/07;2019;1;7;2;1
2019/01/08;2019;1;8;3;1
2019/01/09;2019;1;9;4;1
2019/01/10;2019;1;10;5;1
2019/01/11;2019;1;11;6;1
2019/01/12;2019;1;12;7;1
2019/01/13;2019;1;13;1;1
2019/01/14;2019;1;14;2;1
2019/01/15;2019;1;15;3;1
2019/01/16;2019;1;16;4;1
2019/01/17;2019;1;17;5;1
2019/01/18;2019;1;18;6;1
2019/01/19;2019;1;19;7;1
2019/01/20;2019;1;20;1;1
2019/01/21;2019;1;21;2;1
2019/01/22;2019;1;22;3;1
2019/01/23;2019;1;23;4;1
2019/01/24;2019;1;24;5;1
2019/01/25;2019;1;25;6;1
2019/01/26;2019;1;26;7;1
2019/01/27;2019;1;27;1;1
2019/01/28;2019;1;28;2;1
2019/01/29;2019;1;29;3;1
2019/01/30;2019;1;30;4;1
2019/01/31;2019;1;31;5;1
2019/02/01;2019;2;1;6;1
2019/02/02;2019;2;2;7;1
2019/02/03;2019;2;3;1;1
2019/02/04;2019;2;4;2;1
2019/02/05;2019;2;5;3;1
2019/02/06;2019;2;6;4;1
2019/02/07;2019;2;7;5;1
2019/02/08;2019;2;8;6;1
2019/02/09;2019;2;9;7;1
2019/02/10;2019;2;10;1;1
2019/02/11;2019;2;11;2;1
2019/02/12;2019;2;12;3;1
2019/02/13;2019;2;13;4;1
2019/02/14;2019;2;14;5;1
2019/02/15;2019;2;15;6;1
2019/02/16;2019;2;16;7;1
2019/02/17;2019;2;17;1;1
2019/02/18;2019;2;18;2;1
2019/02/19;2019;2;19;3;1
2019/02/20;2019;2;20;4;1
2019/02/21;2019;2;21;5;1
2019/02/22;2019;2;22;6;1
2019/02/23;2019;2;23;7;1
2019/02/24;2019;2;24;1;1
2019/02/25;2019;2;25;2;1
2019/02/26;2019;2;26;3;1
2019/02/27;2019;2;27;4;1
2019/02/28;2019;2;28;5;1
2019/03/01;2019;3;1;6;1
2019/03/02;2019;3;2;7;1
2019/03/03;2019;3;3;1;1
2019/03/04;2019;3;4;2;1
2019/03/05;2019;3;5;3;1
2019/03/06;2019;3;6;4;1
2019/03/07;2019;3;7;5;1
2019/03/08;2019;3;8;6;1
2019/03/09;2019;3;9;7;1
2019/03/10;2019;3;10;1;1
2019/03/11;2019;3;11;2;1
2019/03/12;2019;3;12;3;1
2019/03/13;2019;3;13;4;1
2019/03/14;2019;3;14;5;1
2019/03/15;2019;3;15;6;1
2019/03/16;2019;3;16;7;1
2019/03/17;2019;3;17;1;1
2019/03/18;2019;3;18;2;1
2019/03/19;2019;3;19;3;1
2019/03/20;2019;3;20;4;1
2019/03/21;2019;3;21;5;1
2019/03/22;2019;3;22;6;1
2019/03/23;2019;3;23;7;1
2019/03/24;2019;3;24;1;1
2019/03/25;2019;3;25;2;1
2019/03/26;2019;3;26;3;1
2019/03/27;2019;3;27;4;1
2019/03/28;2019;3;28;5;1
2019/03/29;2019;3;29;6;1
2019/03/30;2019;3;30;7;1
2019/03/31;2019;3;31;1;1
2019/04/01;2019;4;1;2;2
2019/04/02;2019;4;2;3;2
2019/04/03;2019;4;3;4;2
2019/04/04;2019;4;4;5;2
2019/04/05;2019;4;5;6;2
2019/04/06;2019;4;6;7;2
2019/04/07;2019;4;7;1;2
2019/04/08;2019;4;8;2;2
2019/04/09;2019;4;9;3;2
2019/04/10;2019;4;10;4;2
2019/04/11;2019;4;11;5;2
2019/04/12;2019;4;12;6;2
2019/04/13;2019;4;13;7;2
2019/04/14;2019;4;14;1;2
2019/04/15;2019;4;15;2;2
2019/04/16;2019;4;16;3;2
2019/04/17;2019;4;17;4;2
2019/04/18;2019;4;18;5;2
2019/04/19;2019;4;19;6;2
2019/04/20;2019;4;20;7;2
2019/04/21;2019;4;21;1;2
2019/04/22;2019;4;22;2;2
2019/04/23;2019;4;23;3;2
2019/04/24;2019;4;24;4;2
2019/04/25;2019;4;25;5;2
2019/04/26;2019;4;26;6;2
2019/04/27;2019;4;27;7;2
2019/04/28;2019;4;28;1;2
2019/04/29;2019;4;29;2;2
2019/04/30;2019;4;30;3;2
2019/05/01;2019;5;1;4;2
2019/05/02;2019;5;2;5;2
2019/05/03;2019;5;3;6;2
2019/05/04;2019;5;4;7;2
2019/05/05;2019;5;5;1;2
2019/05/06;2019;5;6;2;2
2019/05/07;2019;5;7;3;2
2019/05/08;2019;5;8;4;2
2019/05/09;2019;5;9;5;2
2019/05/10;2019;5;10;6;2
2019/05/11;2019;5;11;7;2
2019/05/12;2019;5;12;1;2
2019/05/13;2019;5;13;2;2
2019/05/14;2019;5;14;3;2
2019/05/15;2019;5;15;4;2
2019/05/16;2019;5;16;5;2
2019/05/17;2019;5;17;6;2
2019/05/18;2019;5;18;7;2
2019/05/19;2019;5;19;1;2
2019/05/20;2019;5;20;2;2
